[11,-23]
[2,-29]
[9,-31]
[6,-43]
[-10,-26]
[-6,-23]
[-9,-24]
[18,-19]
[2,-14]
[-30,-24]
[-8,-27]
[13,-26]
[23,-14]
[20,-17]
[17,-7]
[14,-4]
[-28,-12]
[-42,-32]
[-31,-30]
[24,-8]
[16,-2]
[13,-3]
[10,-2]
[14,-1]
[-42,-29]
[-31,-44]
[-35,-41]
[1,-1]
[17,6]
[13,2]
[6,3]
[-12,7]
[-32,-45]
[-11,-49]
[-20,-53]
[-32,-7]
[-12,10]
[-10,7]
[-27,8]
[-42,2]
[-16,-53]
[-12,-46]
[-17,-56]
[-45,-26]
[-47,10]
[-43,9]
[-51,1]
[-47,-13]
[-11,-48]
[-6,-36]
[-15,-49]
[-38,-43]
[-55,-6]
[-53,-6]
[-43,-16]
[-29,-29]
[6,-38]
[3,-32]
[-4,-40]
[-22,-50]
[-34,-21]
[-34,-21]
[-19,-27]
[1,-31]
[-69,-69]
[-69,-69]
[-69,-69]
[-69,-69]
[-69,-69]
[-69,-69]
[-69,-69]
[-69,-69]
