[28,14]
[12,29]
[16,19]
[28,23]
[24,26]
[8,8]
[36,23]
[24,8]
[16,11]
[44,19]
[28,16]
[36,17]
[24,6]
[24,7]
[36,4]
[36,9]
[44,7]
[52,18]
[52,17]
[20,5]
[44,14]
[44,11]
[40,20]
[20,23]
[44,26]
[32,27]
[44,33]
[24,13]
[24,27]
[28,27]
[16,30]
[28,20]
[24,38]
[12,28]
[16,43]
[44,26]
[24,30]
[24,29]
[36,23]
[44,18]
[20,41]
[44,21]
[28,40]
[36,43]
[52,19]
[44,18]
[52,17]
[44,27]
[40,30]
[52,16]
[48,26]
[20,49]
[48,17]
[52,16]
[36,24]
[16,38]
[40,19]
[32,26]
[44,19]
[24,46]
[24,27]
[28,26]
[12,27]
[12,13]
[4,4]
[4,4]
[4,4]
[4,4]
[4,4]
[4,4]
[4,4]
[4,4]
