[-3,-23]
[-4,-23]
[-5,-25]
[-4,-32]
[-4,-31]
[-4,-31]
[-11,-23]
[-10,-24]
[-5,-25]
[8,-28]
[7,-28]
[7,-28]
[-17,-26]
[-15,-26]
[-8,-26]
[11,-22]
[9,-22]
[9,-22]
[-18,-30]
[-16,-29]
[-10,-26]
[2,-16]
[0,-16]
[1,-16]
[-13,-32]
[-12,-30]
[-11,-26]
[-12,-14]
[-12,-15]
[-12,-15]
[-5,-31]
[-6,-29]
[-11,-26]
[-24,-17]
[-23,-18]
[-23,-18]
[0,-29]
[-2,-28]
[-9,-26]
[-26,-24]
[-24,-24]
[-25,-24]
[2,-24]
[-1,-24]
[-6,-26]
[-18,-30]
[-17,-30]
[-17,-30]
[-6,-30]
[-7,-30]
[-8,-31]
[-10,-33]
[-10,-34]
[-9,-34]
[-7,-33]
[-6,-31]
[-69,-69]
[-69,-69]
[-69,-69]
[-69,-69]
[-69,-69]
[-69,-69]
[-69,-69]
[-69,-69]
