[4,34]
[4,28]
[4,9]
[4,7]
[4,9]
[4,29]
[28,29]
[32,22]
[32,15]
[32,11]
[32,15]
[28,26]
[36,15]
[40,7]
[40,6]
[40,9]
[40,6]
[40,10]
[28,6]
[28,12]
[28,19]
[28,23]
[28,19]
[28,9]
[4,9]
[4,17]
[8,23]
[8,28]
[8,24]
[4,14]
[28,5]
[28,10]
[24,12]
[20,13]
[24,12]
[28,7]
[32,14]
[40,9]
[40,3]
[40,5]
[40,3]
[28,10]
[24,27]
[28,24]
[28,17]
[28,14]
[28,17]
[28,25]
[16,24]
[16,24]
[16,24]
[36,14]
[36,14]
[36,14]
[40,8]
[40,8]
[40,8]
[20,19]
[20,19]
[16,19]
[16,19]
[16,19]
[16,19]
[28,7]
[28,7]
[28,7]
[36,13]
[36,13]
[36,13]
[8,9]
[8,9]
[8,9]
[28,29]
[28,29]
[28,31]
[28,30]
[28,30]
[28,29]
[28,18]
[28,18]
[28,20]
[28,19]
[28,18]
[28,18]
[12,11]
[12,11]
[12,11]
[12,10]
[12,11]
[12,10]
[16,11]
[16,12]
[16,11]
[12,11]
[12,10]
[16,11]
[28,20]
[28,20]
[28,20]
[28,18]
[28,19]
[28,20]
[24,28]
[24,28]
[24,27]
[24,27]
[24,27]
[24,28]
[12,37]
[12,36]
[12,36]
[12,35]
[12,35]
[12,37]
[12,37]
[12,37]
[12,36]
[12,37]
[12,36]
[12,36]
[28,23]
[28,24]
[28,24]
[20,13]
[20,13]
[20,14]
[4,9]
[4,9]
[4,9]
[24,15]
[24,15]
[24,15]
[28,26]
[28,25]
[28,25]
[12,21]
[12,21]
[12,21]
[4,36]
[4,36]
[4,35]
[24,33]
[24,33]
[24,33]
[4,12]
[8,20]
[32,25]
[32,27]
[36,18]
[28,20]
[32,11]
[12,35]
[8,35]
[20,30]
[40,6]
[40,10]
[16,34]
[20,33]
[12,31]
[28,16]
[24,23]
[32,24]
[32,20]
[32,22]
[4,21]
[12,25]
[32,10]
[28,6]
[36,6]
[28,16]
[28,14]
[16,3]
[8,5]
[20,9]
[32,5]
[28,3]
[16,4]
[20,4]
[12,10]
[28,18]
[4,5]
[24,9]
[28,10]
[28,4]
[24,22]
[8,37]
[28,28]
[36,23]
[4,30]
[16,38]
[24,17]
[32,9]
[32,24]
[24,31]
[4,12]
[8,7]
[40,9]
[20,21]
[20,15]
[20,5]
[28,12]
[8,16]
[28,23]
[28,11]
[8,15]
[16,17]
[16,26]
[28,26]
[28,7]
[24,23]
[8,37]
[12,30]
[36,9]
[20,32]
[16,36]
[16,32]
[16,28]
[36,13]
[36,16]
[28,22]
[28,6]
[28,25]
[8,25]
[24,7]
[28,6]
[40,7]
[36,17]
[40,11]
[8,25]
[8,8]
[4,9]
[28,13]
[20,27]
[28,10]
[16,29]
[32,6]
[28,5]
[4,19]
[8,24]
[8,13]
[16,33]
[36,20]
[36,16]
[32,12]
[20,16]
[24,6]
[4,21]
[16,22]
[24,27]
[40,8]
[8,3]
[24,7]
[8,37]
[4,25]
[4,29]
[16,12]
[4,4]
[24,24]
[16,33]
[28,27]
[24,28]
[4,21]
[8,9]
[4,30]
[4,4]
[4,4]
[4,4]
[4,4]
[4,4]
[4,4]
[4,4]
[4,4]
