[10,-19]
[10,-12]
[8,2]
[8,8]
[9,2]
[10,-15]
[-6,-11]
[-11,-5]
[-16,-3]
[-18,-1]
[-16,-2]
[-9,-8]
[-20,-3]
[-26,-2]
[-31,1]
[-33,4]
[-31,2]
[-24,-2]
[-22,1]
[-25,0]
[-27,-8]
[-29,-10]
[-28,-7]
[-24,1]
[-13,4]
[-13,3]
[-12,0]
[-12,0]
[-12,2]
[-13,2]
[-26,-4]
[-24,-4]
[-21,-14]
[-18,-16]
[-20,-14]
[-25,-3]
[-26,-11]
[-24,-8]
[-18,-6]
[-16,-5]
[-19,-5]
[-24,-9]
[-12,-19]
[-8,-13]
[12,3]
[8,3]
[13,3]
[-10,-16]
[2,-6]
[2,-6]
[2,-6]
[-20,-2]
[-19,-2]
[-19,0]
[-29,5]
[-29,5]
[-29,3]
[-21,-6]
[-21,-6]
[-21,-6]
[-18,3]
[-18,2]
[-18,2]
[-24,-7]
[-24,-7]
[-24,-7]
[-19,-7]
[-19,-7]
[-19,-7]
[12,5]
[12,5]
[11,5]
[-1,-12]
[-1,-13]
[-1,-14]
[-1,-13]
[-2,-13]
[-2,-13]
[-11,-2]
[-11,-3]
[-12,-4]
[-12,-2]
[-12,-1]
[-12,-2]
[-14,3]
[-14,-1]
[-15,0]
[-15,1]
[-15,0]
[-15,1]
[-25,-2]
[-24,-2]
[-24,-3]
[-24,-2]
[-24,-2]
[-25,-2]
[-32,-12]
[-32,-13]
[-32,-14]
[-31,-12]
[-31,-12]
[-32,-13]
[-22,-25]
[-23,-25]
[-23,-26]
[-23,-24]
[-22,-24]
[-22,-25]
[8,-4]
[8,-4]
[8,-5]
[8,-3]
[2,-28]
[2,-29]
[9,-24]
[9,-26]
[10,-27]
[10,-24]
[9,-24]
[9,-25]
[-4,-4]
[-4,-4]
[-4,-4]
[-12,1]
[-12,1]
[-12,2]
[-16,5]
[-16,3]
[-16,4]
[-32,-5]
[-32,-4]
[-32,-4]
[-32,-18]
[-32,-18]
[-32,-18]
[-13,-28]
[-13,-28]
[-14,-28]
[11,-28]
[11,-27]
[11,-27]
[5,-19]
[6,-18]
[6,-18]
[10,11]
[6,15]
[-8,6]
[-5,8]
[-12,12]
[-9,0]
[-19,18]
[-7,4]
[-4,7]
[-4,9]
[-25,5]
[-33,20]
[-19,5]
[-20,9]
[-12,10]
[-26,4]
[-27,7]
[-34,7]
[-34,13]
[-31,13]
[-12,9]
[-16,16]
[-29,9]
[-28,15]
[-32,17]
[-24,5]
[-20,1]
[-8,8]
[-10,10]
[-15,10]
[-24,0]
[-13,11]
[-3,6]
[-8,9]
[-8,9]
[-11,-4]
[15,21]
[-7,6]
[-9,8]
[-11,12]
[27,2]
[16,-24]
[-3,-4]
[-11,3]
[14,-6]
[11,-15]
[-13,6]
[-25,7]
[-14,3]
[-11,-3]
[-16,7]
[-23,8]
[-40,5]
[-27,0]
[-29,-2]
[-29,1]
[-41,-2]
[-26,-4]
[-31,-13]
[-30,-8]
[-28,-16]
[-31,-13]
[-16,-24]
[-15,-17]
[-22,-11]
[-20,-24]
[13,2]
[17,6]
[-10,-14]
[-1,-27]
[10,-18]
[9,-10]
[3,0]
[-6,8]
[4,10]
[12,5]
[7,21]
[19,13]
[-12,5]
[-16,16]
[-3,23]
[1,22]
[8,32]
[7,38]
[-29,-2]
[-24,13]
[-7,31]
[-11,32]
[-1,34]
[-9,47]
[-36,-16]
[-43,1]
[-39,21]
[-19,38]
[-17,48]
[-30,40]
[-22,-28]
[-39,-13]
[-48,6]
[-48,20]
[-42,28]
[-54,30]
[2,-33]
[-12,-24]
[-30,-11]
[-49,7]
[-37,32]
[-53,13]
[19,-27]
[16,-21]
[3,-18]
[-22,-7]
[-69,-69]
[-22,-4]
[15,-14]
[8,-8]
[7,-8]
[15,-8]
[8,15]
[15,-4]
[-69,-69]
[-69,-69]
[-69,-69]
[-69,-69]
[-69,-69]
[-69,-69]
[-69,-69]
[-69,-69]
