[8,44]
[8,36]
[8,20]
[8,14]
[8,21]
[8,38]
[36,37]
[40,29]
[40,23]
[40,21]
[40,23]
[36,32]
[52,23]
[52,20]
[52,18]
[52,18]
[52,18]
[52,19]
[36,20]
[40,21]
[36,28]
[36,31]
[40,28]
[40,19]
[8,13]
[8,15]
[8,17]
[8,20]
[8,16]
[8,14]
[24,13]
[20,13]
[40,24]
[40,29]
[40,24]
[20,11]
[48,17]
[52,10]
[52,10]
[52,12]
[52,10]
[52,12]
[36,35]
[36,28]
[20,10]
[24,10]
[20,10]
[40,30]
[20,31]
[20,31]
[20,31]
[48,23]
[48,23]
[48,21]
[52,18]
[52,18]
[52,20]
[24,29]
[24,29]
[24,29]
[12,14]
[12,15]
[12,15]
[48,15]
[48,15]
[44,15]
[52,13]
[52,13]
[52,13]
[12,14]
[12,14]
[16,14]
[36,38]
[36,39]
[36,40]
[36,40]
[36,40]
[36,39]
[40,26]
[40,26]
[40,27]
[40,26]
[40,25]
[40,25]
[16,17]
[16,20]
[20,18]
[20,18]
[20,20]
[20,18]
[20,14]
[16,14]
[20,14]
[16,14]
[20,15]
[20,13]
[28,16]
[28,17]
[28,17]
[28,17]
[28,17]
[28,17]
[36,38]
[36,37]
[36,37]
[40,36]
[36,36]
[36,36]
[8,22]
[8,22]
[12,22]
[12,22]
[16,47]
[16,47]
[20,48]
[16,50]
[16,50]
[16,49]
[16,49]
[20,49]
[40,30]
[40,31]
[40,31]
[32,22]
[28,22]
[28,21]
[8,14]
[12,17]
[12,16]
[24,15]
[24,15]
[24,15]
[28,21]
[28,21]
[28,21]
[28,44]
[28,44]
[28,44]
[8,49]
[8,49]
[8,49]
[28,45]
[28,44]
[28,44]
[8,15]
[12,25]
[40,36]
[36,36]
[48,25]
[36,27]
[44,19]
[20,47]
[20,47]
[24,41]
[52,20]
[52,19]
[24,44]
[32,41]
[24,41]
[44,24]
[32,31]
[44,28]
[48,23]
[44,26]
[8,17]
[8,19]
[40,11]
[36,6]
[48,7]
[20,13]
[40,24]
[16,9]
[16,10]
[24,15]
[52,10]
[48,7]
[20,13]
[24,14]
[24,18]
[40,21]
[16,10]
[44,20]
[48,20]
[44,16]
[20,14]
[16,50]
[36,37]
[44,30]
[16,37]
[24,51]
[32,23]
[44,21]
[40,30]
[36,40]
[12,16]
[16,17]
[56,19]
[32,27]
[24,17]
[24,13]
[36,20]
[16,18]
[24,19]
[44,13]
[16,23]
[24,18]
[32,41]
[44,31]
[20,7]
[24,20]
[8,22]
[12,20]
[52,11]
[32,40]
[20,49]
[24,44]
[24,37]
[52,20]
[48,23]
[36,29]
[36,18]
[36,30]
[12,30]
[32,19]
[40,19]
[52,19]
[40,23]
[52,13]
[12,29]
[12,17]
[8,16]
[40,22]
[28,36]
[36,18]
[24,34]
[36,14]
[32,15]
[8,15]
[12,22]
[16,23]
[16,29]
[48,22]
[36,14]
[36,17]
[32,26]
[40,13]
[12,48]
[32,38]
[36,35]
[52,10]
[12,2]
[48,12]
[12,50]
[8,42]
[8,44]
[36,26]
[4,4]
[36,30]
[24,46]
[36,35]
[32,38]
[8,34]
[12,11]
[16,38]
[4,4]
[4,4]
[4,4]
[4,4]
[4,4]
[4,4]
[4,4]
[4,4]
