[-4,-30]
[-4,-30]
[-6,-31]
[-7,-31]
[-9,-31]
[-7,-31]
[-6,-31]
[-4,-31]
[-3,-30]
[-3,-28]
[-3,-29]
[-4,-29]
[-3,-30]
[0,-30]
[0,-29]
[0,-29]
[0,-28]
[-2,-27]
[-5,-27]
[-5,-28]
[-4,-28]
[-3,-28]
[3,-28]
[3,-27]
[1,-28]
[0,-27]
[-4,-26]
[-10,-28]
[-9,-28]
[-7,-28]
[-6,-27]
[-1,-25]
[-1,-24]
[-3,-25]
[-6,-26]
[-10,-27]
[-13,-29]
[-12,-29]
[-11,-28]
[-10,-27]
[-8,-23]
[-9,-23]
[-11,-25]
[-13,-27]
[-14,-28]
[-14,-30]
[-13,-30]
[-13,-29]
[-13,-27]
[-15,-24]
[-16,-25]
[-16,-27]
[-16,-29]
[-15,-30]
[-11,-31]
[-11,-31]
[-12,-30]
[-14,-29]
[-18,-27]
[-18,-27]
[-16,-29]
[-15,-31]
[-12,-31]
[-7,-31]
[-8,-31]
[-10,-31]
[-11,-30]
[-16,-29]
[-15,-30]
[-13,-31]
[-10,-31]
[-7,-31]
[-7,-31]
[-9,-32]
[-9,-32]
[-3,-28]
[0,-27]
[1,-28]
[1,-28]
[2,-27]
[2,-27]
[0,-29]
[-1,-31]
[-3,-30]
[2,-26]
[5,-24]
[7,-24]
[7,-24]
[8,-23]
[8,-23]
[3,-27]
[3,-29]
[0,-29]
[0,-23]
[2,-20]
[4,-19]
[4,-19]
[4,-18]
[4,-18]
[-2,-24]
[0,-26]
[-2,-27]
[-7,-21]
[-7,-18]
[-6,-16]
[-7,-16]
[-7,-16]
[-7,-16]
[-9,-23]
[-8,-25]
[-8,-26]
[-14,-22]
[-17,-19]
[-17,-18]
[-18,-18]
[-18,-17]
[-18,-17]
[-16,-25]
[-15,-26]
[-14,-27]
[-18,-25]
[-21,-23]
[-22,-22]
[-23,-22]
[-23,-22]
[-23,-22]
[-18,-27]
[-18,-28]
[-16,-28]
[-16,-27]
[-18,-26]
[-20,-26]
[-20,-26]
[-20,-26]
[-20,-26]
[-14,-30]
[-15,-30]
[-14,-30]
[-10,-29]
[-10,-29]
[-10,-29]
[-10,-29]
[-9,-29]
[-9,-29]
[-5,-29]
[-6,-30]
[-7,-28]
[-8,-27]
[-8,-26]
[-8,-28]
[-6,-31]
[-13,-29]
[-11,-28]
[-9,-28]
[-5,-28]
[-7,-29]
[-10,-28]
[-12,-28]
[-12,-27]
[-9,-28]
[-3,-29]
[0,-28]
[1,-28]
[1,-28]
[-7,-28]
[-9,-29]
[-12,-29]
[-13,-29]
[-13,-28]
[-10,-28]
[-3,-27]
[8,-24]
[6,-24]
[5,-24]
[-10,-28]
[-10,-29]
[-12,-30]
[-12,-31]
[-12,-31]
[-10,-29]
[-7,-26]
[6,-19]
[4,-19]
[2,-19]
[-12,-30]
[-11,-30]
[-10,-31]
[-9,-32]
[-9,-32]
[-9,-30]
[-11,-26]
[-4,-14]
[-6,-15]
[-7,-16]
[-12,-31]
[-10,-31]
[-7,-31]
[-5,-32]
[-5,-32]
[-7,-31]
[-13,-28]
[-16,-14]
[-17,-16]
[-17,-17]
[-10,-31]
[-8,-31]
[-5,-30]
[-4,-30]
[-3,-30]
[-6,-30]
[-14,-30]
[-24,-18]
[-22,-19]
[-21,-21]
[-7,-31]
[-6,-31]
[-5,-29]
[-4,-28]
[-4,-28]
[-6,-29]
[-10,-31]
[-22,-24]
[-20,-25]
[-19,-26]
[-69,-69]
[-69,-69]
[-69,-69]
[-69,-69]
[-69,-69]
[-69,-69]
[-69,-69]
[-69,-69]
