[20,9]
[20,8]
[20,9]
[20,9]
[20,6]
[20,6]
[20,6]
[20,6]
[20,8]
[20,10]
[20,10]
[20,9]
[20,10]
[20,9]
[20,9]
[20,9]
[20,9]
[20,9]
[20,12]
[20,12]
[20,11]
[20,12]
[20,14]
[20,13]
[20,14]
[20,14]
[20,12]
[20,14]
[20,13]
[20,13]
[20,14]
[20,16]
[20,16]
[20,15]
[20,16]
[20,15]
[20,13]
[20,13]
[20,13]
[20,14]
[20,16]
[20,16]
[20,16]
[20,17]
[20,14]
[20,11]
[20,12]
[20,12]
[20,12]
[20,15]
[20,16]
[20,15]
[20,15]
[20,13]
[20,9]
[20,10]
[20,10]
[20,10]
[20,12]
[20,11]
[20,12]
[20,12]
[20,10]
[20,8]
[20,8]
[20,9]
[20,8]
[20,7]
[20,8]
[20,8]
[20,7]
[20,8]
[20,6]
[20,6]
[20,7]
[20,7]
[20,7]
[20,8]
[20,8]
[20,8]
[20,8]
[20,9]
[20,8]
[20,8]
[20,12]
[20,12]
[20,12]
[20,12]
[20,12]
[20,12]
[20,13]
[20,12]
[20,13]
[20,15]
[20,15]
[20,15]
[20,15]
[20,15]
[20,15]
[20,15]
[20,15]
[20,15]
[20,16]
[20,16]
[20,16]
[20,16]
[20,16]
[20,17]
[20,16]
[20,17]
[20,16]
[20,16]
[20,16]
[20,16]
[20,16]
[20,15]
[20,15]
[20,15]
[20,16]
[20,15]
[20,14]
[20,13]
[20,13]
[20,13]
[20,12]
[20,13]
[20,11]
[20,13]
[20,11]
[20,9]
[20,8]
[20,9]
[20,8]
[20,8]
[20,8]
[20,8]
[20,8]
[20,8]
[20,7]
[20,7]
[20,6]
[20,6]
[20,6]
[20,6]
[20,8]
[20,11]
[20,11]
[20,11]
[20,10]
[20,11]
[20,10]
[20,7]
[20,7]
[20,7]
[20,9]
[20,11]
[20,11]
[20,11]
[20,10]
[20,10]
[20,10]
[20,9]
[20,11]
[20,11]
[20,11]
[20,11]
[20,11]
[20,10]
[20,9]
[20,9]
[20,11]
[20,12]
[20,13]
[20,13]
[20,12]
[20,10]
[20,10]
[20,10]
[20,10]
[20,9]
[20,12]
[20,16]
[20,15]
[20,15]
[20,13]
[20,10]
[20,10]
[20,10]
[20,11]
[20,10]
[20,12]
[20,16]
[20,15]
[20,14]
[20,12]
[20,11]
[20,10]
[20,11]
[20,12]
[20,12]
[20,11]
[20,14]
[20,13]
[20,13]
[20,10]
[20,11]
[20,10]
[20,11]
[20,12]
[20,12]
[20,10]
[20,11]
[20,9]
[20,10]
[20,9]
[20,11]
[20,11]
[20,11]
[20,12]
[20,11]
[20,9]
[20,8]
[20,7]
[20,8]
[4,4]
[4,4]
[4,4]
[4,4]
[4,4]
[4,4]
[4,4]
[4,4]
