[12,27]
[20,25]
[40,5]
[28,15]
[4,9]
[4,4]
[4,4]
[4,11]
[32,24]
[4,25]
[20,35]
[36,20]
[8,7]
[24,9]
[20,4]
[20,7]
[28,10]
[40,9]
[12,26]
[12,39]
[12,29]
[20,11]
[36,6]
[36,11]
[32,6]
[36,5]
[28,11]
[16,32]
[12,39]
[24,27]
[32,23]
[32,23]
[32,25]
[32,22]
[28,20]
[4,15]
[12,35]
[20,33]
[40,14]
[24,34]
[8,31]
[12,36]
[12,34]
[8,27]
[32,9]
[4,30]
[20,26]
[36,6]
[8,38]
[28,27]
[24,32]
[20,32]
[32,19]
[40,12]
[12,35]
[12,19]
[12,15]
[20,35]
[40,11]
[36,20]
[36,19]
[40,6]
[16,14]
[16,31]
[12,20]
[20,12]
[28,25]
[28,8]
[28,6]
[32,6]
[24,16]
[4,29]
[4,4]
[24,12]
[16,9]
[28,27]
[24,3]
[28,17]
[40,15]
[40,14]
[40,13]
[20,4]
[12,27]
[32,2]
[36,12]
[8,7]
[40,3]
[32,3]
[32,4]
[32,5]
[32,10]
[20,26]
[16,9]
[8,2]
[28,3]
[32,17]
[8,9]
[8,10]
[8,10]
[32,25]
[40,14]
[8,21]
[8,9]
[36,17]
[8,24]
[28,6]
[28,6]
[28,6]
[12,36]
[36,7]
[32,15]
[28,4]
[28,30]
[28,18]
[40,12]
[40,12]
[40,12]
[24,32]
[12,16]
[40,7]
[36,15]
[8,35]
[40,6]
[28,26]
[28,26]
[28,26]
[36,20]
[24,14]
[28,20]
[28,29]
[28,28]
[28,15]
[8,32]
[8,31]
[8,30]
[32,6]
[40,6]
[8,25]
[8,34]
[36,15]
[8,22]
[28,27]
[28,26]
[28,26]
[20,24]
[8,6]
[24,27]
[12,38]
[8,37]
[4,39]
[24,7]
[20,18]
[20,22]
[20,23]
[8,19]
[24,7]
[40,14]
[24,32]
[16,34]
[20,36]
[8,5]
[12,18]
[4,9]
[8,9]
[12,21]
[36,19]
[32,7]
[24,23]
[16,28]
[28,26]
[28,8]
[36,11]
[36,14]
[32,15]
[20,27]
[28,32]
[8,12]
[12,15]
[8,24]
[24,16]
[36,21]
[40,9]
[40,6]
[40,5]
[20,35]
[8,37]
[24,10]
[12,15]
[4,9]
[4,5]
[24,31]
[20,23]
[20,19]
[20,19]
[8,38]
[24,35]
[40,8]
[24,23]
[16,27]
[20,13]
[8,35]
[16,25]
[12,23]
[12,22]
[12,37]
[32,23]
[32,24]
[24,32]
[16,33]
[28,20]
[28,28]
[36,14]
[36,11]
[36,11]
[16,24]
[28,12]
[8,31]
[12,39]
[12,38]
[24,34]
[36,16]
[36,7]
[36,10]
[36,11]
[4,4]
[4,4]
[4,4]
[4,4]
[4,4]
[4,4]
[4,4]
[4,4]
