[32,72]
[32,73]
[28,74]
[44,74]
[36,73]
[32,73]
[32,74]
[28,74]
[32,73]
[24,72]
[28,73]
[28,73]
[36,73]
[36,73]
[32,73]
[28,73]
[32,72]
[20,71]
[44,68]
[48,69]
[40,69]
[40,68]
[40,67]
[40,67]
[36,67]
[36,67]
[36,67]
[48,63]
[48,65]
[40,66]
[40,63]
[40,60]
[36,60]
[32,60]
[36,60]
[36,61]
[32,69]
[32,74]
[28,78]
[44,66]
[32,62]
[32,62]
[28,64]
[28,63]
[32,65]
[24,71]
[32,79]
[28,82]
[32,77]
[36,63]
[32,64]
[28,65]
[32,66]
[20,69]
[44,69]
[48,72]
[36,76]
[40,80]
[40,62]
[36,63]
[36,64]
[36,67]
[36,68]
[48,68]
[48,68]
[40,68]
[40,76]
[36,66]
[36,67]
[32,67]
[32,68]
[36,68]
[32,74]
[32,71]
[28,74]
[32,71]
[44,70]
[44,71]
[44,71]
[44,70]
[44,70]
[32,73]
[28,72]
[40,67]
[44,61]
[52,59]
[44,59]
[44,59]
[44,59]
[44,58]
[36,67]
[32,71]
[40,71]
[40,66]
[40,63]
[40,62]
[40,62]
[40,61]
[40,60]
[36,59]
[28,65]
[24,71]
[20,68]
[28,63]
[44,62]
[44,62]
[48,61]
[48,61]
[32,62]
[32,57]
[28,65]
[32,64]
[44,61]
[44,68]
[40,71]
[44,71]
[44,71]
[32,63]
[28,62]
[40,57]
[44,56]
[52,58]
[44,69]
[44,70]
[44,69]
[44,69]
[36,63]
[32,67]
[40,67]
[40,66]
[36,70]
[36,78]
[36,77]
[36,76]
[36,75]
[36,67]
[28,70]
[28,73]
[20,72]
[28,73]
[40,74]
[44,72]
[44,72]
[44,72]
[36,67]
[24,81]
[24,77]
[20,71]
[20,69]
[20,73]
[20,84]
[20,70]
[20,70]
[20,70]
[36,67]
[32,73]
[24,74]
[28,71]
[28,71]
[24,71]
[28,79]
[28,68]
[28,67]
[28,67]
[32,69]
[36,65]
[32,71]
[32,70]
[36,69]
[32,68]
[36,67]
[40,59]
[40,58]
[40,58]
[28,69]
[28,70]
[24,77]
[24,77]
[28,76]
[24,76]
[28,67]
[36,58]
[36,58]
[36,59]
[36,66]
[24,72]
[24,80]
[20,80]
[20,80]
[20,77]
[20,67]
[20,56]
[20,57]
[20,58]
[36,69]
[32,70]
[28,77]
[28,76]
[28,74]
[24,75]
[32,68]
[28,53]
[28,55]
[28,56]
[32,71]
[36,74]
[32,75]
[32,71]
[36,69]
[32,71]
[36,73]
[36,54]
[40,56]
[40,57]
[28,70]
[28,81]
[24,77]
[24,70]
[28,67]
[24,72]
[28,82]
[36,64]
[36,65]
[36,66]
[4,4]
[4,4]
[4,4]
[4,4]
[4,4]
[4,4]
[4,4]
[4,4]
