[6,-34]
[-6,-5]
[-21,-2]
[-33,-15]
[-24,-27]
[-14,-27]
[-7,-25]
[4,-29]
[-24,-10]
[-35,-12]
[-33,-25]
[-18,-32]
[-13,-29]
[-10,-25]
[-4,-26]
[-31,-18]
[-33,-23]
[-18,-33]
[-5,-33]
[-7,-30]
[-10,-26]
[-10,-25]
[-20,-28]
[-13,-30]
[5,-34]
[8,-31]
[-3,-30]
[-10,-29]
[-16,-27]
[3,-31]
[13,-30]
[22,-27]
[11,-26]
[-2,-29]
[-9,-30]
[-18,-30]
[12,-26]
[27,-20]
[20,-16]
[2,-20]
[-4,-27]
[-7,-31]
[-13,-33]
[15,-16]
[19,-6]
[2,-7]
[-11,-19]
[-9,-26]
[-6,-29]
[-2,-35]
[9,-8]
[-2,1]
[-19,-7]
[-21,-22]
[-13,-26]
[-6,-27]
[-5,-30]
[-3,-29]
[-7,-29]
[-10,-33]
[-8,-33]
[-3,-28]
[-3,-27]
[-3,-28]
[-3,-32]
[-2,-31]
[-5,-26]
[-5,-26]
[-1,-26]
[1,-29]
[0,-28]
[-8,-27]
[-10,-27]
[-4,-24]
[0,-26]
[-3,-26]
[-12,-28]
[-14,-28]
[-9,-24]
[-6,-25]
[-9,-26]
[-14,-31]
[-14,-30]
[-14,-26]
[-14,-26]
[-15,-27]
[-12,-32]
[-11,-31]
[-15,-28]
[-18,-30]
[-17,-30]
[-8,-32]
[-7,-31]
[-12,-29]
[-16,-33]
[-14,-32]
[-69,-69]
[-69,-69]
[-69,-69]
[-69,-69]
[-69,-69]
[-69,-69]
[-69,-69]
[-69,-69]
