[12,18]
[8,18]
[12,19]
[12,16]
[16,12]
[20,9]
[20,8]
[16,18]
[16,18]
[12,17]
[16,10]
[20,7]
[20,6]
[20,7]
[20,19]
[20,15]
[20,12]
[20,8]
[20,6]
[20,8]
[20,9]
[16,18]
[16,17]
[16,9]
[16,12]
[16,12]
[20,12]
[20,13]
[12,15]
[4,18]
[12,16]
[12,16]
[16,16]
[20,15]
[20,15]
[16,10]
[16,17]
[12,19]
[16,19]
[20,18]
[20,16]
[20,17]
[20,8]
[20,15]
[20,18]
[20,19]
[20,19]
[20,15]
[20,15]
[16,13]
[16,17]
[20,19]
[16,19]
[16,16]
[20,13]
[20,12]
[20,8]
[20,8]
[20,7]
[20,9]
[20,8]
[20,8]
[20,10]
[20,8]
[20,7]
[20,8]
[20,9]
[20,12]
[20,10]
[20,7]
[20,10]
[20,12]
[20,14]
[20,13]
[20,11]
[20,13]
[20,13]
[20,13]
[20,14]
[20,14]
[20,15]
[20,14]
[20,12]
[20,15]
[20,15]
[20,14]
[20,12]
[20,10]
[20,13]
[20,16]
[20,12]
[20,11]
[20,9]
[20,10]
[20,14]
[20,10]
[4,4]
[4,4]
[4,4]
[4,4]
[4,4]
[4,4]
[4,4]
[4,4]
