[-7,-30]
[-7,-32]
[-7,-32]
[-7,-30]
[-7,-31]
[-7,-32]
[-8,-30]
[-8,-31]
[-8,-32]
[-8,-30]
[-8,-31]
[-8,-32]
[-9,-31]
[-9,-32]
[-9,-33]
[-9,-31]
[-9,-32]
[-9,-33]
[-10,-32]
[-10,-34]
[-10,-34]
[-10,-32]
[-10,-33]
[-10,-34]
[-10,-33]
[-10,-35]
[-10,-35]
[-10,-33]
[-10,-35]
[-10,-35]
[-9,-34]
[-9,-35]
[-9,-35]
[-9,-34]
[-9,-35]
[-9,-35]
[-7,-33]
[-8,-34]
[-7,-35]
[-7,-33]
[-7,-34]
[-7,-34]
[-7,-31]
[-7,-32]
[-7,-33]
[-7,-31]
[-7,-32]
[-7,-33]
[-6,-30]
[-6,-30]
[-6,-30]
[-8,-30]
[-8,-30]
[-8,-30]
[-10,-31]
[-10,-31]
[-9,-31]
[-11,-33]
[-11,-32]
[-11,-32]
[-10,-34]
[-10,-34]
[-11,-34]
[-9,-34]
[-9,-34]
[-9,-34]
[-7,-33]
[-7,-33]
[-7,-33]
[-6,-31]
[-6,-31]
[-6,-31]
[-5,-31]
[-5,-31]
[-5,-32]
[-5,-30]
[-5,-30]
[-5,-32]
[-4,-29]
[-5,-30]
[-5,-31]
[-5,-29]
[-4,-29]
[-4,-30]
[-7,-30]
[-7,-30]
[-7,-31]
[-7,-29]
[-6,-29]
[-6,-30]
[-10,-30]
[-10,-31]
[-10,-32]
[-10,-30]
[-10,-30]
[-10,-31]
[-12,-31]
[-12,-32]
[-12,-33]
[-12,-31]
[-12,-31]
[-12,-32]
[-12,-32]
[-12,-33]
[-11,-34]
[-11,-32]
[-12,-32]
[-12,-33]
[-10,-32]
[-10,-33]
[-9,-34]
[-9,-32]
[-10,-32]
[-10,-33]
[-7,-32]
[-7,-32]
[-7,-33]
[-7,-31]
[-7,-32]
[-7,-33]
[-4,-29]
[-4,-29]
[-4,-29]
[-4,-28]
[-4,-27]
[-4,-27]
[-7,-28]
[-7,-28]
[-7,-28]
[-11,-29]
[-11,-29]
[-11,-29]
[-13,-31]
[-13,-30]
[-13,-30]
[-12,-32]
[-12,-31]
[-12,-31]
[-9,-31]
[-9,-31]
[-9,-31]
[-6,-31]
[-6,-30]
[-6,-30]
[-6,-29]
[-6,-14]
[-5,8]
[-6,9]
[-6,8]
[0,-27]
[-1,-12]
[-17,7]
[-18,7]
[-17,6]
[2,-25]
[0,-12]
[-24,0]
[-24,0]
[-22,-1]
[-2,-23]
[-4,-11]
[-21,-8]
[-21,-8]
[-19,-8]
[-10,-23]
[-10,-11]
[-11,-12]
[-11,-12]
[-10,-12]
[-16,-24]
[-14,-12]
[1,-10]
[1,-10]
[1,-10]
[-16,-27]
[-13,-14]
[8,-4]
[8,-3]
[6,-3]
[-13,-28]
[-11,-14]
[5,4]
[5,5]
[3,4]
[-5,-26]
[-1,-25]
[0,-24]
[-1,-25]
[-9,-25]
[-8,-24]
[-11,-23]
[-10,-24]
[-13,-26]
[-15,-26]
[-19,-26]
[-17,-26]
[-14,-28]
[-18,-29]
[-20,-30]
[-19,-30]
[-12,-30]
[-16,-32]
[-15,-32]
[-15,-32]
[-8,-31]
[-9,-33]
[-6,-33]
[-7,-33]
[-4,-30]
[-2,-31]
[3,-31]
[1,-31]
[-3,-28]
[2,-28]
[6,-27]
[3,-28]
[-14,-17]
[-14,-12]
[-5,-5]
[11,-13]
[34,2]
[38,7]
[-21,-22]
[-22,-18]
[-12,-6]
[4,-5]
[42,21]
[40,30]
[-23,-27]
[-25,-24]
[-17,-10]
[-10,-2]
[19,40]
[14,49]
[-16,-31]
[-17,-29]
[-18,-13]
[-23,-4]
[-17,44]
[-21,50]
[0,-33]
[0,-30]
[-11,-16]
[-27,-12]
[-43,31]
[-45,34]
[12,-30]
[15,-27]
[2,-17]
[-19,-19]
[-49,12]
[-48,12]
[11,-23]
[14,-19]
[9,-14]
[-3,-23]
[-32,-3]
[-28,-3]
[-1,-18]
[1,-13]
[4,-9]
[9,-20]
[2,-7]
[7,-5]
[-7,-32]
[-6,-33]
[-6,-33]
[-5,-31]
[0,-31]
[0,-31]
[-5,-31]
[1,-31]
[1,-31]
[-8,-31]
[-4,-30]
[-4,-30]
[-10,-32]
[-11,-30]
[-11,-30]
[-11,-33]
[-14,-32]
[-14,-32]
[-10,-33]
[-13,-33]
[-13,-33]
[-9,-32]
[-10,-33]
[-10,-33]
[-69,-69]
[-69,-69]
[-69,-69]
[-69,-69]
[-69,-69]
[-69,-69]
[-69,-69]
[-69,-69]
