[20,8]
[20,9]
[20,8]
[20,8]
[20,8]
[20,8]
[20,9]
[20,9]
[20,9]
[20,9]
[20,9]
[20,9]
[20,11]
[20,11]
[20,11]
[20,11]
[20,11]
[20,11]
[20,12]
[20,13]
[20,12]
[20,12]
[20,12]
[20,12]
[20,13]
[20,14]
[20,13]
[20,13]
[20,14]
[20,13]
[20,13]
[20,13]
[20,12]
[20,13]
[20,13]
[20,12]
[20,11]
[20,11]
[20,11]
[20,11]
[20,11]
[20,11]
[20,9]
[20,9]
[20,9]
[20,9]
[20,9]
[20,9]
[20,8]
[20,8]
[20,8]
[20,10]
[20,10]
[20,10]
[20,11]
[20,11]
[20,12]
[20,13]
[20,12]
[20,12]
[20,13]
[20,13]
[20,14]
[20,12]
[20,13]
[20,13]
[20,11]
[20,11]
[20,11]
[20,9]
[20,9]
[20,8]
[20,8]
[20,8]
[20,8]
[20,8]
[20,7]
[20,8]
[20,10]
[20,10]
[20,10]
[20,10]
[20,10]
[20,10]
[20,13]
[20,13]
[20,13]
[20,12]
[20,13]
[20,13]
[20,14]
[20,14]
[20,14]
[20,14]
[20,15]
[20,14]
[20,14]
[20,14]
[20,14]
[20,14]
[20,14]
[20,14]
[20,12]
[20,13]
[20,13]
[20,13]
[20,13]
[20,12]
[20,10]
[20,10]
[20,10]
[20,10]
[20,10]
[20,10]
[20,8]
[20,8]
[20,8]
[20,8]
[20,8]
[20,8]
[20,8]
[20,8]
[20,8]
[20,11]
[20,10]
[20,10]
[20,13]
[20,13]
[20,14]
[20,14]
[20,15]
[20,15]
[20,15]
[20,14]
[20,14]
[20,13]
[20,12]
[20,12]
[20,9]
[20,10]
[20,10]
[20,8]
[20,7]
[20,8]
[20,5]
[20,5]
[20,9]
[20,8]
[20,7]
[20,9]
[20,8]
[20,9]
[20,10]
[20,9]
[16,14]
[16,14]
[20,11]
[20,12]
[20,12]
[20,17]
[20,17]
[20,13]
[20,14]
[20,14]
[20,18]
[20,18]
[20,13]
[20,14]
[20,15]
[20,16]
[20,16]
[20,12]
[20,14]
[20,14]
[16,14]
[16,14]
[20,11]
[20,12]
[20,11]
[20,9]
[20,9]
[20,9]
[20,9]
[20,9]
[20,11]
[20,12]
[20,16]
[20,14]
[20,11]
[20,13]
[20,17]
[20,15]
[20,10]
[20,14]
[20,17]
[20,15]
[20,10]
[20,13]
[16,14]
[20,13]
[20,10]
[20,11]
[20,8]
[20,9]
[20,11]
[20,9]
[20,5]
[20,7]
[20,12]
[20,8]
[20,9]
[20,8]
[20,12]
[20,9]
[16,13]
[20,12]
[16,19]
[16,19]
[20,18]
[20,18]
[12,16]
[8,18]
[12,17]
[12,18]
[12,18]
[20,18]
[12,18]
[12,15]
[16,12]
[16,13]
[12,16]
[16,16]
[20,18]
[20,12]
[20,8]
[20,10]
[16,11]
[16,10]
[20,18]
[16,14]
[16,12]
[16,11]
[20,10]
[20,6]
[12,19]
[8,17]
[12,16]
[12,17]
[12,14]
[20,8]
[12,15]
[12,18]
[16,18]
[16,18]
[12,18]
[16,13]
[20,11]
[20,14]
[20,20]
[20,19]
[20,19]
[16,16]
[16,11]
[16,17]
[20,7]
[20,6]
[20,6]
[20,9]
[16,9]
[16,9]
[20,12]
[16,15]
[16,15]
[20,14]
[20,18]
[20,18]
[20,15]
[20,19]
[20,19]
[20,15]
[20,18]
[20,18]
[20,12]
[16,15]
[16,15]
[20,8]
[16,9]
[16,9]
[4,4]
[4,4]
[4,4]
[4,4]
[4,4]
[4,4]
[4,4]
[4,4]
