[28,69]
[56,67]
[40,47]
[56,47]
[40,59]
[32,71]
[28,70]
[44,67]
[32,72]
[60,48]
[64,54]
[32,73]
[24,72]
[28,68]
[40,62]
[60,69]
[56,53]
[40,67]
[28,76]
[36,69]
[40,64]
[28,59]
[76,60]
[36,64]
[24,72]
[36,68]
[36,66]
[36,65]
[28,59]
[52,67]
[32,66]
[52,62]
[40,63]
[32,66]
[28,67]
[44,65]
[32,62]
[60,57]
[64,55]
[32,57]
[24,63]
[28,66]
[40,65]
[72,60]
[56,50]
[36,50]
[28,53]
[36,61]
[40,64]
[28,68]
[76,57]
[36,48]
[24,48]
[36,52]
[36,63]
[36,66]
[24,71]
[24,70]
[36,70]
[24,83]
[28,74]
[24,72]
[28,70]
[24,74]
[36,82]
[24,76]
[36,68]
[36,67]
[40,68]
[56,71]
[36,70]
[36,66]
[40,66]
[44,64]
[48,65]
[40,65]
[24,71]
[24,72]
[36,68]
[24,68]
[28,69]
[24,71]
[28,71]
[24,67]
[36,68]
[24,70]
[36,68]
[36,67]
[40,64]
[56,66]
[36,67]
[36,67]
[36,68]
[44,64]
[48,70]
[40,68]
[4,4]
[4,4]
[4,4]
[4,4]
[4,4]
[4,4]
[4,4]
[4,4]
