[-2,-28]
[-2,-28]
[1,-28]
[-2,-27]
[-5,-26]
[-4,-27]
[-5,-28]
[-7,-28]
[-8,-27]
[-11,-27]
[-14,-27]
[-12,-27]
[-10,-29]
[-13,-30]
[-16,-29]
[-17,-30]
[-18,-30]
[-17,-30]
[-14,-31]
[-15,-32]
[-17,-33]
[-17,-33]
[-17,-33]
[-17,-33]
[-14,-32]
[-13,-34]
[-13,-35]
[-12,-34]
[-11,-34]
[-12,-34]
[-11,-33]
[-8,-33]
[-7,-33]
[-6,-34]
[-3,-34]
[-5,-34]
[-6,-32]
[-3,-32]
[-1,-32]
[0,-31]
[2,-30]
[1,-31]
[-3,-30]
[-1,-29]
[4,-29]
[2,-28]
[2,-28]
[1,-29]
[-69,-69]
[-69,-69]
[-69,-69]
[-69,-69]
[-69,-69]
[-69,-69]
[-69,-69]
[-69,-69]
