[-5,-28]
[-6,-28]
[-6,-28]
[-5,-30]
[-5,-30]
[-6,-29]
[-4,-29]
[-3,-29]
[-7,-28]
[-8,-27]
[-5,-28]
[3,-27]
[6,-26]
[3,-27]
[2,-26]
[1,-26]
[-10,-28]
[-9,-28]
[-6,-27]
[5,-22]
[9,-20]
[5,-22]
[3,-22]
[0,-23]
[-12,-30]
[-11,-29]
[-8,-27]
[-1,-18]
[2,-14]
[0,-17]
[-4,-19]
[-6,-21]
[-12,-31]
[-11,-29]
[-10,-27]
[-12,-17]
[-12,-12]
[-11,-16]
[-13,-19]
[-14,-22]
[-10,-31]
[-9,-29]
[-11,-27]
[-20,-20]
[-23,-16]
[-20,-19]
[-19,-22]
[-18,-25]
[-7,-31]
[-7,-29]
[-11,-28]
[-21,-25]
[-26,-23]
[-22,-24]
[-19,-26]
[-17,-28]
[-5,-29]
[-6,-28]
[-9,-28]
[-15,-29]
[-18,-29]
[-16,-28]
[-13,-29]
[-11,-30]
[-69,-69]
[-69,-69]
[-69,-69]
[-69,-69]
[-69,-69]
[-69,-69]
[-69,-69]
[-69,-69]
