[20,9]
[20,11]
[20,9]
[20,9]
[20,9]
[20,8]
[20,9]
[20,8]
[20,11]
[20,11]
[20,11]
[20,10]
[20,9]
[20,10]
[20,10]
[20,10]
[20,12]
[20,12]
[20,12]
[20,11]
[20,11]
[20,11]
[20,12]
[20,12]
[20,13]
[20,12]
[20,13]
[20,13]
[20,13]
[20,12]
[20,13]
[20,13]
[20,12]
[20,11]
[20,12]
[20,13]
[20,13]
[20,12]
[20,13]
[20,13]
[20,11]
[20,10]
[20,10]
[20,12]
[20,12]
[20,12]
[20,12]
[20,12]
[20,10]
[20,9]
[20,10]
[20,10]
[20,11]
[20,11]
[20,10]
[20,10]
[20,8]
[20,9]
[20,9]
[20,9]
[20,10]
[20,9]
[20,9]
[20,9]
[4,4]
[4,4]
[4,4]
[4,4]
[4,4]
[4,4]
[4,4]
[4,4]
