[32,70]
[24,74]
[28,72]
[28,73]
[28,73]
[28,72]
[28,72]
[28,71]
[28,72]
[24,72]
[24,72]
[36,72]
[28,71]
[28,71]
[36,70]
[36,70]
[32,70]
[36,69]
[32,69]
[48,64]
[48,61]
[48,63]
[44,63]
[36,64]
[36,66]
[36,70]
[36,66]
[44,55]
[44,51]
[44,54]
[36,56]
[36,57]
[32,71]
[24,79]
[28,78]
[32,60]
[28,55]
[28,59]
[28,61]
[28,62]
[28,76]
[24,79]
[24,82]
[36,63]
[32,60]
[28,63]
[36,64]
[36,65]
[32,73]
[36,73]
[32,77]
[48,62]
[48,61]
[48,62]
[44,64]
[36,65]
[36,67]
[32,72]
[36,70]
[44,66]
[44,65]
[44,65]
[36,66]
[32,67]
[4,4]
[4,4]
[4,4]
[4,4]
[4,4]
[4,4]
[4,4]
[4,4]
