[24,74]
[24,73]
[24,71]
[20,72]
[24,72]
[24,71]
[24,71]
[20,71]
[20,68]
[28,68]
[20,69]
[20,71]
[36,66]
[24,66]
[20,65]
[32,67]
[24,67]
[24,68]
[28,69]
[24,67]
[24,66]
[24,71]
[24,69]
[20,65]
[24,71]
[24,69]
[24,65]
[20,71]
[20,69]
[24,65]
[24,71]
[20,69]
[20,66]
[28,69]
[20,67]
[20,65]
[36,66]
[24,68]
[20,67]
[32,65]
[24,66]
[24,65]
[28,69]
[24,69]
[24,70]
[28,70]
[24,70]
[20,68]
[24,69]
[24,69]
[24,69]
[16,69]
[16,70]
[16,70]
[20,70]
[20,70]
[20,70]
[24,68]
[24,68]
[24,67]
[24,69]
[24,69]
[24,68]
[16,71]
[16,71]
[16,71]
[20,70]
[20,70]
[20,70]
[24,68]
[24,68]
[24,68]
[28,74]
[28,73]
[28,72]
[28,74]
[28,70]
[28,70]
[24,70]
[24,70]
[20,68]
[28,69]
[28,65]
[20,67]
[36,64]
[36,64]
[28,66]
[36,64]
[36,64]
[28,65]
[32,68]
[32,64]
[32,66]
[32,68]
[32,64]
[32,63]
[28,72]
[28,66]
[28,64]
[28,70]
[28,65]
[28,63]
[24,70]
[24,68]
[20,65]
[28,68]
[28,65]
[20,64]
[36,66]
[36,68]
[28,67]
[36,66]
[36,64]
[28,67]
[32,71]
[32,70]
[32,71]
[32,72]
[32,68]
[32,69]
[28,70]
[28,70]
[28,70]
[16,70]
[16,70]
[16,70]
[28,68]
[28,68]
[28,68]
[36,64]
[36,64]
[36,64]
[28,71]
[24,71]
[28,70]
[16,73]
[16,72]
[16,72]
[28,70]
[28,69]
[28,69]
[36,67]
[36,66]
[36,66]
[24,68]
[24,54]
[28,35]
[28,35]
[28,35]
[24,66]
[24,52]
[36,34]
[32,34]
[32,36]
[28,61]
[28,48]
[32,34]
[32,34]
[28,36]
[20,55]
[32,43]
[36,41]
[32,41]
[32,40]
[24,56]
[24,44]
[28,48]
[28,48]
[28,38]
[24,59]
[24,47]
[32,46]
[32,46]
[32,40]
[28,62]
[28,48]
[32,42]
[32,40]
[28,38]
[20,65]
[28,50]
[36,38]
[32,37]
[36,37]
[48,65]
[40,63]
[28,62]
[28,64]
[44,67]
[40,65]
[28,63]
[32,64]
[24,66]
[24,65]
[36,64]
[40,65]
[24,66]
[28,66]
[40,67]
[36,68]
[48,63]
[40,66]
[28,67]
[28,67]
[40,67]
[40,70]
[28,71]
[32,71]
[24,68]
[24,70]
[36,72]
[40,72]
[24,68]
[28,68]
[40,67]
[36,68]
[28,69]
[40,59]
[40,54]
[48,60]
[72,27]
[76,35]
[28,68]
[32,65]
[36,55]
[48,49]
[80,38]
[80,37]
[44,67]
[32,61]
[36,53]
[36,41]
[64,59]
[60,53]
[44,67]
[48,62]
[40,53]
[28,41]
[36,63]
[48,55]
[28,71]
[40,65]
[40,57]
[48,49]
[76,51]
[80,40]
[28,67]
[28,63]
[32,52]
[48,56]
[80,22]
[80,24]
[44,61]
[32,57]
[36,53]
[40,61]
[64,41]
[60,46]
[44,61]
[48,52]
[40,50]
[28,64]
[36,40]
[48,48]
[24,71]
[24,72]
[24,72]
[32,71]
[24,71]
[24,71]
[32,69]
[28,68]
[32,68]
[28,66]
[28,63]
[28,63]
[24,66]
[24,63]
[24,63]
[32,69]
[24,66]
[24,66]
[32,69]
[28,68]
[32,68]
[28,69]
[28,69]
[28,69]
[4,4]
[4,4]
[4,4]
[4,4]
[4,4]
[4,4]
[4,4]
[4,4]
